-0.100000	0.400000	0.000000
-0.100000	0.420000	0.000000
-0.100000	0.440000	0.000000
-0.100000	0.460000	0.000000
-0.100000	0.480000	0.000000
-0.100000	0.500000	0.000000
-0.100000	0.520000	0.000000
-0.100000	0.540000	0.000000
-0.100000	0.560000	0.000000
-0.100000	0.580000	0.000000
-0.100000	0.600000	0.000000
-0.100000	0.620000	0.000000
-0.100000	0.640000	0.000000
-0.100000	0.660000	0.000000
-0.100000	0.680000	0.000000
-0.100000	0.700000	0.000000
-0.100000	0.720000	0.000000
-0.100000	0.740000	0.000000
-0.100000	0.760000	0.000000
-0.100000	0.780000	0.000000
-0.100000	0.800000	0.000000
-0.100000	0.820000	0.000000
-0.100000	0.840000	0.000000
-0.100000	0.860000	0.000000
-0.100000	0.880000	0.000000
-0.100000	0.900000	0.000000
-0.100000	0.920000	0.000000
-0.100000	0.940000	0.000000
-0.100000	0.960000	0.000000
-0.100000	0.980000	0.000000
-0.100000	1.000000	0.000000
-0.100000	1.020000	0.000000
-0.100000	1.040000	0.000000
-0.100000	1.060000	0.000000
-0.100000	1.080000	0.000000

-0.080000	0.400000	0.000000
-0.080000	0.420000	0.000000
-0.080000	0.440000	0.000000
-0.080000	0.460000	0.000000
-0.080000	0.480000	0.000000
-0.080000	0.500000	0.000000
-0.080000	0.520000	0.000000
-0.080000	0.540000	0.000000
-0.080000	0.560000	0.000000
-0.080000	0.580000	0.000000
-0.080000	0.600000	0.000000
-0.080000	0.620000	0.000000
-0.080000	0.640000	0.000000
-0.080000	0.660000	0.000000
-0.080000	0.680000	0.000000
-0.080000	0.700000	0.000000
-0.080000	0.720000	0.000000
-0.080000	0.740000	0.000000
-0.080000	0.760000	0.000000
-0.080000	0.780000	0.000000
-0.080000	0.800000	0.000000
-0.080000	0.820000	0.000000
-0.080000	0.840000	0.000000
-0.080000	0.860000	0.000000
-0.080000	0.880000	0.000000
-0.080000	0.900000	0.000000
-0.080000	0.920000	0.000000
-0.080000	0.940000	0.000000
-0.080000	0.960000	0.000000
-0.080000	0.980000	0.000000
-0.080000	1.000000	0.000000
-0.080000	1.020000	0.000000
-0.080000	1.040000	0.000000
-0.080000	1.060000	0.000000
-0.080000	1.080000	0.000000

-0.060000	0.400000	0.000000
-0.060000	0.420000	0.000000
-0.060000	0.440000	0.000000
-0.060000	0.460000	0.000000
-0.060000	0.480000	0.000000
-0.060000	0.500000	0.000000
-0.060000	0.520000	0.000000
-0.060000	0.540000	0.000000
-0.060000	0.560000	0.000000
-0.060000	0.580000	0.000000
-0.060000	0.600000	0.000000
-0.060000	0.620000	0.000000
-0.060000	0.640000	0.000000
-0.060000	0.660000	0.000000
-0.060000	0.680000	0.000000
-0.060000	0.700000	0.000000
-0.060000	0.720000	0.000000
-0.060000	0.740000	0.000000
-0.060000	0.760000	0.000000
-0.060000	0.780000	0.000000
-0.060000	0.800000	0.000000
-0.060000	0.820000	0.000000
-0.060000	0.840000	0.000000
-0.060000	0.860000	0.000000
-0.060000	0.880000	0.000000
-0.060000	0.900000	0.000000
-0.060000	0.920000	0.000000
-0.060000	0.940000	0.000000
-0.060000	0.960000	0.000000
-0.060000	0.980000	0.000000
-0.060000	1.000000	0.000000
-0.060000	1.020000	0.000000
-0.060000	1.040000	0.000000
-0.060000	1.060000	0.000000
-0.060000	1.080000	0.000000

-0.040000	0.400000	0.000000
-0.040000	0.420000	0.000000
-0.040000	0.440000	0.000000
-0.040000	0.460000	0.000000
-0.040000	0.480000	0.000000
-0.040000	0.500000	0.000000
-0.040000	0.520000	0.000000
-0.040000	0.540000	0.000000
-0.040000	0.560000	0.000000
-0.040000	0.580000	0.000000
-0.040000	0.600000	0.000000
-0.040000	0.620000	0.000000
-0.040000	0.640000	0.000000
-0.040000	0.660000	0.000000
-0.040000	0.680000	0.000000
-0.040000	0.700000	0.000000
-0.040000	0.720000	0.000000
-0.040000	0.740000	0.000000
-0.040000	0.760000	0.000000
-0.040000	0.780000	0.000000
-0.040000	0.800000	0.000000
-0.040000	0.820000	0.000000
-0.040000	0.840000	0.000000
-0.040000	0.860000	0.000000
-0.040000	0.880000	0.000000
-0.040000	0.900000	0.000000
-0.040000	0.920000	0.000000
-0.040000	0.940000	0.000000
-0.040000	0.960000	0.000000
-0.040000	0.980000	0.000000
-0.040000	1.000000	0.000000
-0.040000	1.020000	0.000000
-0.040000	1.040000	0.000000
-0.040000	1.060000	0.000000
-0.040000	1.080000	0.000000

-0.020000	0.400000	0.000000
-0.020000	0.420000	0.000000
-0.020000	0.440000	0.000000
-0.020000	0.460000	0.000000
-0.020000	0.480000	0.000000
-0.020000	0.500000	0.000000
-0.020000	0.520000	0.000000
-0.020000	0.540000	0.000000
-0.020000	0.560000	0.000000
-0.020000	0.580000	0.000000
-0.020000	0.600000	0.000000
-0.020000	0.620000	0.000000
-0.020000	0.640000	0.000000
-0.020000	0.660000	0.000000
-0.020000	0.680000	0.000000
-0.020000	0.700000	0.000000
-0.020000	0.720000	0.000000
-0.020000	0.740000	0.000000
-0.020000	0.760000	0.000000
-0.020000	0.780000	0.000000
-0.020000	0.800000	0.000000
-0.020000	0.820000	0.000000
-0.020000	0.840000	0.000000
-0.020000	0.860000	0.000000
-0.020000	0.880000	0.000000
-0.020000	0.900000	0.000000
-0.020000	0.920000	0.000000
-0.020000	0.940000	0.000000
-0.020000	0.960000	0.000000
-0.020000	0.980000	0.000000
-0.020000	1.000000	0.000000
-0.020000	1.020000	0.000000
-0.020000	1.040000	0.000000
-0.020000	1.060000	0.000000
-0.020000	1.080000	0.000000

0.000000	0.400000	0.000000
0.000000	0.420000	0.000000
0.000000	0.440000	0.000000
0.000000	0.460000	0.000000
0.000000	0.480000	0.000000
0.000000	0.500000	0.000000
0.000000	0.520000	0.000000
0.000000	0.540000	0.000000
0.000000	0.560000	0.000000
0.000000	0.580000	0.000000
0.000000	0.600000	0.000000
0.000000	0.620000	0.000000
0.000000	0.640000	0.000000
0.000000	0.660000	0.000000
0.000000	0.680000	0.000000
0.000000	0.700000	0.000000
0.000000	0.720000	0.000000
0.000000	0.740000	0.000000
0.000000	0.760000	0.000000
0.000000	0.780000	0.000000
0.000000	0.800000	0.000000
0.000000	0.820000	0.000000
0.000000	0.840000	0.000000
0.000000	0.860000	0.000000
0.000000	0.880000	0.000000
0.000000	0.900000	0.000000
0.000000	0.920000	0.000000
0.000000	0.940000	0.000000
0.000000	0.960000	0.000000
0.000000	0.980000	0.000000
0.000000	1.000000	0.000000
0.000000	1.020000	0.000000
0.000000	1.040000	0.000000
0.000000	1.060000	0.000000
0.000000	1.080000	0.000000

0.020000	0.400000	0.000000
0.020000	0.420000	0.000000
0.020000	0.440000	0.000000
0.020000	0.460000	0.000000
0.020000	0.480000	0.000000
0.020000	0.500000	0.000000
0.020000	0.520000	0.000000
0.020000	0.540000	0.000000
0.020000	0.560000	0.000000
0.020000	0.580000	0.000000
0.020000	0.600000	0.000000
0.020000	0.620000	0.000000
0.020000	0.640000	0.000000
0.020000	0.660000	0.000000
0.020000	0.680000	0.000000
0.020000	0.700000	0.000000
0.020000	0.720000	0.000000
0.020000	0.740000	0.000000
0.020000	0.760000	0.000000
0.020000	0.780000	0.000000
0.020000	0.800000	0.000000
0.020000	0.820000	0.000000
0.020000	0.840000	0.000000
0.020000	0.860000	0.000000
0.020000	0.880000	0.000000
0.020000	0.900000	0.000000
0.020000	0.920000	0.000000
0.020000	0.940000	0.000000
0.020000	0.960000	0.000000
0.020000	0.980000	0.000000
0.020000	1.000000	0.000000
0.020000	1.020000	0.000000
0.020000	1.040000	0.000000
0.020000	1.060000	0.000000
0.020000	1.080000	0.000000

0.040000	0.400000	0.000000
0.040000	0.420000	0.000000
0.040000	0.440000	0.000000
0.040000	0.460000	0.000000
0.040000	0.480000	0.000000
0.040000	0.500000	0.000000
0.040000	0.520000	0.000000
0.040000	0.540000	0.000000
0.040000	0.560000	0.000000
0.040000	0.580000	0.000000
0.040000	0.600000	0.000000
0.040000	0.620000	0.000000
0.040000	0.640000	0.000000
0.040000	0.660000	0.000000
0.040000	0.680000	0.000000
0.040000	0.700000	0.000000
0.040000	0.720000	0.000000
0.040000	0.740000	0.000000
0.040000	0.760000	0.000000
0.040000	0.780000	0.000000
0.040000	0.800000	0.000000
0.040000	0.820000	0.000000
0.040000	0.840000	0.000000
0.040000	0.860000	0.000000
0.040000	0.880000	0.000000
0.040000	0.900000	0.000000
0.040000	0.920000	0.000000
0.040000	0.940000	0.000000
0.040000	0.960000	0.000000
0.040000	0.980000	0.000000
0.040000	1.000000	0.000000
0.040000	1.020000	0.000000
0.040000	1.040000	0.000000
0.040000	1.060000	0.000000
0.040000	1.080000	0.000000

0.060000	0.400000	0.000000
0.060000	0.420000	0.000000
0.060000	0.440000	0.000000
0.060000	0.460000	0.000000
0.060000	0.480000	0.000000
0.060000	0.500000	0.000000
0.060000	0.520000	0.000000
0.060000	0.540000	0.000000
0.060000	0.560000	0.000000
0.060000	0.580000	0.000000
0.060000	0.600000	0.000000
0.060000	0.620000	0.000000
0.060000	0.640000	0.000000
0.060000	0.660000	0.000000
0.060000	0.680000	0.000000
0.060000	0.700000	0.000000
0.060000	0.720000	0.000000
0.060000	0.740000	0.000000
0.060000	0.760000	0.000000
0.060000	0.780000	0.000000
0.060000	0.800000	0.000000
0.060000	0.820000	0.000000
0.060000	0.840000	0.000000
0.060000	0.860000	0.000000
0.060000	0.880000	0.000000
0.060000	0.900000	0.000000
0.060000	0.920000	0.000000
0.060000	0.940000	0.000000
0.060000	0.960000	0.000000
0.060000	0.980000	0.000000
0.060000	1.000000	0.000000
0.060000	1.020000	0.000000
0.060000	1.040000	0.000000
0.060000	1.060000	0.000000
0.060000	1.080000	0.000000

0.080000	0.400000	0.000000
0.080000	0.420000	0.000000
0.080000	0.440000	0.000000
0.080000	0.460000	0.000000
0.080000	0.480000	0.000000
0.080000	0.500000	0.000000
0.080000	0.520000	0.000000
0.080000	0.540000	0.000000
0.080000	0.560000	0.000000
0.080000	0.580000	0.000000
0.080000	0.600000	0.000000
0.080000	0.620000	0.000000
0.080000	0.640000	0.000000
0.080000	0.660000	0.000000
0.080000	0.680000	0.000000
0.080000	0.700000	0.000000
0.080000	0.720000	0.000000
0.080000	0.740000	0.000000
0.080000	0.760000	0.000000
0.080000	0.780000	0.000000
0.080000	0.800000	0.000000
0.080000	0.820000	0.000000
0.080000	0.840000	0.000000
0.080000	0.860000	0.000000
0.080000	0.880000	0.000000
0.080000	0.900000	0.000000
0.080000	0.920000	0.000000
0.080000	0.940000	0.000000
0.080000	0.960000	0.000000
0.080000	0.980000	0.000000
0.080000	1.000000	0.000000
0.080000	1.020000	0.000000
0.080000	1.040000	0.000000
0.080000	1.060000	0.000000
0.080000	1.080000	0.000000

0.100000	0.400000	0.000000
0.100000	0.420000	0.000000
0.100000	0.440000	0.000000
0.100000	0.460000	0.000000
0.100000	0.480000	0.000000
0.100000	0.500000	0.000000
0.100000	0.520000	0.000000
0.100000	0.540000	0.000000
0.100000	0.560000	0.000000
0.100000	0.580000	0.000000
0.100000	0.600000	0.000000
0.100000	0.620000	0.000000
0.100000	0.640000	0.000000
0.100000	0.660000	0.000000
0.100000	0.680000	0.000000
0.100000	0.700000	0.000000
0.100000	0.720000	0.000000
0.100000	0.740000	0.000000
0.100000	0.760000	0.000000
0.100000	0.780000	0.000000
0.100000	0.800000	0.000000
0.100000	0.820000	0.000000
0.100000	0.840000	0.000000
0.100000	0.860000	0.000000
0.100000	0.880000	0.000000
0.100000	0.900000	0.000000
0.100000	0.920000	0.000000
0.100000	0.940000	0.000000
0.100000	0.960000	0.000000
0.100000	0.980000	0.000000
0.100000	1.000000	0.000000
0.100000	1.020000	0.000000
0.100000	1.040000	0.000000
0.100000	1.060000	0.000000
0.100000	1.080000	0.000000

0.120000	0.400000	0.000000
0.120000	0.420000	0.000000
0.120000	0.440000	0.000000
0.120000	0.460000	0.000000
0.120000	0.480000	0.000000
0.120000	0.500000	0.000000
0.120000	0.520000	0.000000
0.120000	0.540000	0.000000
0.120000	0.560000	0.000000
0.120000	0.580000	0.000000
0.120000	0.600000	0.000000
0.120000	0.620000	0.000000
0.120000	0.640000	0.000000
0.120000	0.660000	0.000000
0.120000	0.680000	0.000000
0.120000	0.700000	0.000000
0.120000	0.720000	0.000000
0.120000	0.740000	0.000000
0.120000	0.760000	0.000000
0.120000	0.780000	0.000000
0.120000	0.800000	0.000000
0.120000	0.820000	0.000000
0.120000	0.840000	0.000000
0.120000	0.860000	0.000000
0.120000	0.880000	0.000000
0.120000	0.900000	0.000000
0.120000	0.920000	0.000000
0.120000	0.940000	0.000000
0.120000	0.960000	0.000000
0.120000	0.980000	0.000000
0.120000	1.000000	0.000000
0.120000	1.020000	0.000000
0.120000	1.040000	0.000000
0.120000	1.060000	0.000000
0.120000	1.080000	0.000000

0.140000	0.400000	0.000000
0.140000	0.420000	0.000000
0.140000	0.440000	0.000000
0.140000	0.460000	0.000000
0.140000	0.480000	0.000000
0.140000	0.500000	0.000000
0.140000	0.520000	0.000000
0.140000	0.540000	0.000000
0.140000	0.560000	0.000000
0.140000	0.580000	0.000000
0.140000	0.600000	0.000000
0.140000	0.620000	0.000000
0.140000	0.640000	0.000000
0.140000	0.660000	0.000000
0.140000	0.680000	0.000000
0.140000	0.700000	0.000000
0.140000	0.720000	0.000000
0.140000	0.740000	0.000000
0.140000	0.760000	0.000000
0.140000	0.780000	0.000000
0.140000	0.800000	0.000000
0.140000	0.820000	0.000000
0.140000	0.840000	0.000000
0.140000	0.860000	0.000000
0.140000	0.880000	0.000000
0.140000	0.900000	0.000000
0.140000	0.920000	0.000000
0.140000	0.940000	0.000000
0.140000	0.960000	0.000000
0.140000	0.980000	0.000000
0.140000	1.000000	0.000000
0.140000	1.020000	0.000000
0.140000	1.040000	0.000000
0.140000	1.060000	0.000000
0.140000	1.080000	0.000000

0.160000	0.400000	0.000000
0.160000	0.420000	0.000000
0.160000	0.440000	0.000000
0.160000	0.460000	0.000000
0.160000	0.480000	0.000000
0.160000	0.500000	0.000000
0.160000	0.520000	0.000000
0.160000	0.540000	0.000000
0.160000	0.560000	0.000000
0.160000	0.580000	0.000000
0.160000	0.600000	0.000000
0.160000	0.620000	0.000000
0.160000	0.640000	0.000000
0.160000	0.660000	0.000000
0.160000	0.680000	0.000000
0.160000	0.700000	0.000000
0.160000	0.720000	0.000000
0.160000	0.740000	0.000000
0.160000	0.760000	0.000000
0.160000	0.780000	0.000000
0.160000	0.800000	0.000000
0.160000	0.820000	7.000000
0.160000	0.840000	0.000000
0.160000	0.860000	0.000000
0.160000	0.880000	0.000000
0.160000	0.900000	0.000000
0.160000	0.920000	0.000000
0.160000	0.940000	0.000000
0.160000	0.960000	0.000000
0.160000	0.980000	0.000000
0.160000	1.000000	0.000000
0.160000	1.020000	0.000000
0.160000	1.040000	0.000000
0.160000	1.060000	0.000000
0.160000	1.080000	0.000000

0.180000	0.400000	0.000000
0.180000	0.420000	0.000000
0.180000	0.440000	0.000000
0.180000	0.460000	0.000000
0.180000	0.480000	0.000000
0.180000	0.500000	0.000000
0.180000	0.520000	0.000000
0.180000	0.540000	0.000000
0.180000	0.560000	0.000000
0.180000	0.580000	0.000000
0.180000	0.600000	0.000000
0.180000	0.620000	0.000000
0.180000	0.640000	0.000000
0.180000	0.660000	0.000000
0.180000	0.680000	0.000000
0.180000	0.700000	0.000000
0.180000	0.720000	0.000000
0.180000	0.740000	0.000000
0.180000	0.760000	0.000000
0.180000	0.780000	0.000000
0.180000	0.800000	23.000000
0.180000	0.820000	0.000000
0.180000	0.840000	0.000000
0.180000	0.860000	0.000000
0.180000	0.880000	0.000000
0.180000	0.900000	0.000000
0.180000	0.920000	0.000000
0.180000	0.940000	0.000000
0.180000	0.960000	0.000000
0.180000	0.980000	0.000000
0.180000	1.000000	0.000000
0.180000	1.020000	0.000000
0.180000	1.040000	0.000000
0.180000	1.060000	0.000000
0.180000	1.080000	0.000000

0.200000	0.400000	0.000000
0.200000	0.420000	0.000000
0.200000	0.440000	0.000000
0.200000	0.460000	0.000000
0.200000	0.480000	0.000000
0.200000	0.500000	0.000000
0.200000	0.520000	0.000000
0.200000	0.540000	0.000000
0.200000	0.560000	0.000000
0.200000	0.580000	0.000000
0.200000	0.600000	0.000000
0.200000	0.620000	0.000000
0.200000	0.640000	0.000000
0.200000	0.660000	0.000000
0.200000	0.680000	0.000000
0.200000	0.700000	0.000000
0.200000	0.720000	0.000000
0.200000	0.740000	0.000000
0.200000	0.760000	0.000000
0.200000	0.780000	170.000000
0.200000	0.800000	0.000000
0.200000	0.820000	0.000000
0.200000	0.840000	0.000000
0.200000	0.860000	0.000000
0.200000	0.880000	0.000000
0.200000	0.900000	0.000000
0.200000	0.920000	0.000000
0.200000	0.940000	0.000000
0.200000	0.960000	0.000000
0.200000	0.980000	0.000000
0.200000	1.000000	0.000000
0.200000	1.020000	0.000000
0.200000	1.040000	0.000000
0.200000	1.060000	0.000000
0.200000	1.080000	0.000000

0.220000	0.400000	0.000000
0.220000	0.420000	0.000000
0.220000	0.440000	0.000000
0.220000	0.460000	0.000000
0.220000	0.480000	0.000000
0.220000	0.500000	0.000000
0.220000	0.520000	0.000000
0.220000	0.540000	0.000000
0.220000	0.560000	0.000000
0.220000	0.580000	0.000000
0.220000	0.600000	0.000000
0.220000	0.620000	0.000000
0.220000	0.640000	0.000000
0.220000	0.660000	0.000000
0.220000	0.680000	0.000000
0.220000	0.700000	0.000000
0.220000	0.720000	0.000000
0.220000	0.740000	0.000000
0.220000	0.760000	631.000000
0.220000	0.780000	0.000000
0.220000	0.800000	0.000000
0.220000	0.820000	0.000000
0.220000	0.840000	0.000000
0.220000	0.860000	0.000000
0.220000	0.880000	0.000000
0.220000	0.900000	0.000000
0.220000	0.920000	0.000000
0.220000	0.940000	0.000000
0.220000	0.960000	0.000000
0.220000	0.980000	0.000000
0.220000	1.000000	0.000000
0.220000	1.020000	0.000000
0.220000	1.040000	0.000000
0.220000	1.060000	0.000000
0.220000	1.080000	0.000000

0.240000	0.400000	0.000000
0.240000	0.420000	0.000000
0.240000	0.440000	0.000000
0.240000	0.460000	0.000000
0.240000	0.480000	0.000000
0.240000	0.500000	0.000000
0.240000	0.520000	0.000000
0.240000	0.540000	0.000000
0.240000	0.560000	0.000000
0.240000	0.580000	0.000000
0.240000	0.600000	0.000000
0.240000	0.620000	0.000000
0.240000	0.640000	0.000000
0.240000	0.660000	0.000000
0.240000	0.680000	0.000000
0.240000	0.700000	0.000000
0.240000	0.720000	0.000000
0.240000	0.740000	1845.000000
0.240000	0.760000	0.000000
0.240000	0.780000	0.000000
0.240000	0.800000	0.000000
0.240000	0.820000	0.000000
0.240000	0.840000	0.000000
0.240000	0.860000	0.000000
0.240000	0.880000	0.000000
0.240000	0.900000	0.000000
0.240000	0.920000	0.000000
0.240000	0.940000	0.000000
0.240000	0.960000	0.000000
0.240000	0.980000	0.000000
0.240000	1.000000	0.000000
0.240000	1.020000	0.000000
0.240000	1.040000	0.000000
0.240000	1.060000	0.000000
0.240000	1.080000	0.000000

0.260000	0.400000	0.000000
0.260000	0.420000	0.000000
0.260000	0.440000	0.000000
0.260000	0.460000	0.000000
0.260000	0.480000	0.000000
0.260000	0.500000	0.000000
0.260000	0.520000	0.000000
0.260000	0.540000	0.000000
0.260000	0.560000	0.000000
0.260000	0.580000	0.000000
0.260000	0.600000	0.000000
0.260000	0.620000	0.000000
0.260000	0.640000	0.000000
0.260000	0.660000	0.000000
0.260000	0.680000	0.000000
0.260000	0.700000	0.000000
0.260000	0.720000	3159.000000
0.260000	0.740000	0.000000
0.260000	0.760000	0.000000
0.260000	0.780000	0.000000
0.260000	0.800000	0.000000
0.260000	0.820000	0.000000
0.260000	0.840000	0.000000
0.260000	0.860000	0.000000
0.260000	0.880000	0.000000
0.260000	0.900000	0.000000
0.260000	0.920000	0.000000
0.260000	0.940000	0.000000
0.260000	0.960000	0.000000
0.260000	0.980000	0.000000
0.260000	1.000000	0.000000
0.260000	1.020000	0.000000
0.260000	1.040000	0.000000
0.260000	1.060000	0.000000
0.260000	1.080000	0.000000

0.280000	0.400000	0.000000
0.280000	0.420000	0.000000
0.280000	0.440000	0.000000
0.280000	0.460000	0.000000
0.280000	0.480000	0.000000
0.280000	0.500000	0.000000
0.280000	0.520000	0.000000
0.280000	0.540000	0.000000
0.280000	0.560000	0.000000
0.280000	0.580000	0.000000
0.280000	0.600000	0.000000
0.280000	0.620000	0.000000
0.280000	0.640000	0.000000
0.280000	0.660000	0.000000
0.280000	0.680000	0.000000
0.280000	0.700000	3690.000000
0.280000	0.720000	0.000000
0.280000	0.740000	0.000000
0.280000	0.760000	0.000000
0.280000	0.780000	0.000000
0.280000	0.800000	0.000000
0.280000	0.820000	0.000000
0.280000	0.840000	0.000000
0.280000	0.860000	0.000000
0.280000	0.880000	0.000000
0.280000	0.900000	0.000000
0.280000	0.920000	0.000000
0.280000	0.940000	0.000000
0.280000	0.960000	0.000000
0.280000	0.980000	0.000000
0.280000	1.000000	0.000000
0.280000	1.020000	0.000000
0.280000	1.040000	0.000000
0.280000	1.060000	0.000000
0.280000	1.080000	0.000000

0.300000	0.400000	0.000000
0.300000	0.420000	0.000000
0.300000	0.440000	0.000000
0.300000	0.460000	0.000000
0.300000	0.480000	0.000000
0.300000	0.500000	0.000000
0.300000	0.520000	0.000000
0.300000	0.540000	0.000000
0.300000	0.560000	0.000000
0.300000	0.580000	0.000000
0.300000	0.600000	0.000000
0.300000	0.620000	0.000000
0.300000	0.640000	0.000000
0.300000	0.660000	0.000000
0.300000	0.680000	3969.000000
0.300000	0.700000	0.000000
0.300000	0.720000	0.000000
0.300000	0.740000	0.000000
0.300000	0.760000	0.000000
0.300000	0.780000	0.000000
0.300000	0.800000	0.000000
0.300000	0.820000	0.000000
0.300000	0.840000	0.000000
0.300000	0.860000	0.000000
0.300000	0.880000	0.000000
0.300000	0.900000	0.000000
0.300000	0.920000	0.000000
0.300000	0.940000	0.000000
0.300000	0.960000	0.000000
0.300000	0.980000	0.000000
0.300000	1.000000	0.000000
0.300000	1.020000	0.000000
0.300000	1.040000	0.000000
0.300000	1.060000	0.000000
0.300000	1.080000	0.000000

0.320000	0.400000	0.000000
0.320000	0.420000	0.000000
0.320000	0.440000	0.000000
0.320000	0.460000	0.000000
0.320000	0.480000	0.000000
0.320000	0.500000	0.000000
0.320000	0.520000	0.000000
0.320000	0.540000	0.000000
0.320000	0.560000	0.000000
0.320000	0.580000	0.000000
0.320000	0.600000	0.000000
0.320000	0.620000	0.000000
0.320000	0.640000	0.000000
0.320000	0.660000	3467.000000
0.320000	0.680000	0.000000
0.320000	0.700000	0.000000
0.320000	0.720000	0.000000
0.320000	0.740000	0.000000
0.320000	0.760000	0.000000
0.320000	0.780000	0.000000
0.320000	0.800000	0.000000
0.320000	0.820000	0.000000
0.320000	0.840000	0.000000
0.320000	0.860000	0.000000
0.320000	0.880000	0.000000
0.320000	0.900000	0.000000
0.320000	0.920000	0.000000
0.320000	0.940000	0.000000
0.320000	0.960000	0.000000
0.320000	0.980000	0.000000
0.320000	1.000000	0.000000
0.320000	1.020000	0.000000
0.320000	1.040000	0.000000
0.320000	1.060000	0.000000
0.320000	1.080000	0.000000

0.340000	0.400000	0.000000
0.340000	0.420000	0.000000
0.340000	0.440000	0.000000
0.340000	0.460000	0.000000
0.340000	0.480000	0.000000
0.340000	0.500000	0.000000
0.340000	0.520000	0.000000
0.340000	0.540000	0.000000
0.340000	0.560000	0.000000
0.340000	0.580000	0.000000
0.340000	0.600000	0.000000
0.340000	0.620000	0.000000
0.340000	0.640000	2433.000000
0.340000	0.660000	0.000000
0.340000	0.680000	0.000000
0.340000	0.700000	0.000000
0.340000	0.720000	0.000000
0.340000	0.740000	0.000000
0.340000	0.760000	0.000000
0.340000	0.780000	0.000000
0.340000	0.800000	0.000000
0.340000	0.820000	0.000000
0.340000	0.840000	0.000000
0.340000	0.860000	0.000000
0.340000	0.880000	0.000000
0.340000	0.900000	0.000000
0.340000	0.920000	0.000000
0.340000	0.940000	0.000000
0.340000	0.960000	0.000000
0.340000	0.980000	0.000000
0.340000	1.000000	0.000000
0.340000	1.020000	0.000000
0.340000	1.040000	0.000000
0.340000	1.060000	0.000000
0.340000	1.080000	0.000000

0.360000	0.400000	0.000000
0.360000	0.420000	0.000000
0.360000	0.440000	0.000000
0.360000	0.460000	0.000000
0.360000	0.480000	0.000000
0.360000	0.500000	0.000000
0.360000	0.520000	0.000000
0.360000	0.540000	0.000000
0.360000	0.560000	0.000000
0.360000	0.580000	0.000000
0.360000	0.600000	0.000000
0.360000	0.620000	1166.000000
0.360000	0.640000	0.000000
0.360000	0.660000	0.000000
0.360000	0.680000	0.000000
0.360000	0.700000	0.000000
0.360000	0.720000	0.000000
0.360000	0.740000	0.000000
0.360000	0.760000	0.000000
0.360000	0.780000	0.000000
0.360000	0.800000	0.000000
0.360000	0.820000	0.000000
0.360000	0.840000	0.000000
0.360000	0.860000	0.000000
0.360000	0.880000	0.000000
0.360000	0.900000	0.000000
0.360000	0.920000	0.000000
0.360000	0.940000	0.000000
0.360000	0.960000	0.000000
0.360000	0.980000	0.000000
0.360000	1.000000	0.000000
0.360000	1.020000	0.000000
0.360000	1.040000	0.000000
0.360000	1.060000	0.000000
0.360000	1.080000	0.000000

0.380000	0.400000	0.000000
0.380000	0.420000	0.000000
0.380000	0.440000	0.000000
0.380000	0.460000	0.000000
0.380000	0.480000	0.000000
0.380000	0.500000	0.000000
0.380000	0.520000	0.000000
0.380000	0.540000	0.000000
0.380000	0.560000	0.000000
0.380000	0.580000	0.000000
0.380000	0.600000	438.000000
0.380000	0.620000	0.000000
0.380000	0.640000	0.000000
0.380000	0.660000	0.000000
0.380000	0.680000	0.000000
0.380000	0.700000	0.000000
0.380000	0.720000	0.000000
0.380000	0.740000	0.000000
0.380000	0.760000	0.000000
0.380000	0.780000	0.000000
0.380000	0.800000	0.000000
0.380000	0.820000	0.000000
0.380000	0.840000	0.000000
0.380000	0.860000	0.000000
0.380000	0.880000	0.000000
0.380000	0.900000	0.000000
0.380000	0.920000	0.000000
0.380000	0.940000	0.000000
0.380000	0.960000	0.000000
0.380000	0.980000	0.000000
0.380000	1.000000	0.000000
0.380000	1.020000	0.000000
0.380000	1.040000	0.000000
0.380000	1.060000	0.000000
0.380000	1.080000	0.000000

0.400000	0.400000	0.000000
0.400000	0.420000	0.000000
0.400000	0.440000	0.000000
0.400000	0.460000	0.000000
0.400000	0.480000	0.000000
0.400000	0.500000	0.000000
0.400000	0.520000	0.000000
0.400000	0.540000	0.000000
0.400000	0.560000	0.000000
0.400000	0.580000	115.000000
0.400000	0.600000	0.000000
0.400000	0.620000	0.000000
0.400000	0.640000	0.000000
0.400000	0.660000	0.000000
0.400000	0.680000	0.000000
0.400000	0.700000	0.000000
0.400000	0.720000	0.000000
0.400000	0.740000	0.000000
0.400000	0.760000	0.000000
0.400000	0.780000	0.000000
0.400000	0.800000	0.000000
0.400000	0.820000	0.000000
0.400000	0.840000	0.000000
0.400000	0.860000	0.000000
0.400000	0.880000	0.000000
0.400000	0.900000	0.000000
0.400000	0.920000	0.000000
0.400000	0.940000	0.000000
0.400000	0.960000	0.000000
0.400000	0.980000	0.000000
0.400000	1.000000	0.000000
0.400000	1.020000	0.000000
0.400000	1.040000	0.000000
0.400000	1.060000	0.000000
0.400000	1.080000	0.000000

0.420000	0.400000	0.000000
0.420000	0.420000	0.000000
0.420000	0.440000	0.000000
0.420000	0.460000	0.000000
0.420000	0.480000	0.000000
0.420000	0.500000	0.000000
0.420000	0.520000	0.000000
0.420000	0.540000	0.000000
0.420000	0.560000	22.000000
0.420000	0.580000	0.000000
0.420000	0.600000	0.000000
0.420000	0.620000	0.000000
0.420000	0.640000	0.000000
0.420000	0.660000	0.000000
0.420000	0.680000	0.000000
0.420000	0.700000	0.000000
0.420000	0.720000	0.000000
0.420000	0.740000	0.000000
0.420000	0.760000	0.000000
0.420000	0.780000	0.000000
0.420000	0.800000	0.000000
0.420000	0.820000	0.000000
0.420000	0.840000	0.000000
0.420000	0.860000	0.000000
0.420000	0.880000	0.000000
0.420000	0.900000	0.000000
0.420000	0.920000	0.000000
0.420000	0.940000	0.000000
0.420000	0.960000	0.000000
0.420000	0.980000	0.000000
0.420000	1.000000	0.000000
0.420000	1.020000	0.000000
0.420000	1.040000	0.000000
0.420000	1.060000	0.000000
0.420000	1.080000	0.000000

0.440000	0.400000	0.000000
0.440000	0.420000	0.000000
0.440000	0.440000	0.000000
0.440000	0.460000	0.000000
0.440000	0.480000	0.000000
0.440000	0.500000	0.000000
0.440000	0.520000	0.000000
0.440000	0.540000	3.000000
0.440000	0.560000	0.000000
0.440000	0.580000	0.000000
0.440000	0.600000	0.000000
0.440000	0.620000	0.000000
0.440000	0.640000	0.000000
0.440000	0.660000	0.000000
0.440000	0.680000	0.000000
0.440000	0.700000	0.000000
0.440000	0.720000	0.000000
0.440000	0.740000	0.000000
0.440000	0.760000	0.000000
0.440000	0.780000	0.000000
0.440000	0.800000	0.000000
0.440000	0.820000	0.000000
0.440000	0.840000	0.000000
0.440000	0.860000	0.000000
0.440000	0.880000	0.000000
0.440000	0.900000	0.000000
0.440000	0.920000	0.000000
0.440000	0.940000	0.000000
0.440000	0.960000	0.000000
0.440000	0.980000	0.000000
0.440000	1.000000	0.000000
0.440000	1.020000	0.000000
0.440000	1.040000	0.000000
0.440000	1.060000	0.000000
0.440000	1.080000	0.000000

0.460000	0.400000	0.000000
0.460000	0.420000	0.000000
0.460000	0.440000	0.000000
0.460000	0.460000	0.000000
0.460000	0.480000	0.000000
0.460000	0.500000	0.000000
0.460000	0.520000	1.000000
0.460000	0.540000	0.000000
0.460000	0.560000	0.000000
0.460000	0.580000	0.000000
0.460000	0.600000	0.000000
0.460000	0.620000	0.000000
0.460000	0.640000	0.000000
0.460000	0.660000	0.000000
0.460000	0.680000	0.000000
0.460000	0.700000	0.000000
0.460000	0.720000	0.000000
0.460000	0.740000	0.000000
0.460000	0.760000	0.000000
0.460000	0.780000	0.000000
0.460000	0.800000	0.000000
0.460000	0.820000	0.000000
0.460000	0.840000	0.000000
0.460000	0.860000	0.000000
0.460000	0.880000	0.000000
0.460000	0.900000	0.000000
0.460000	0.920000	0.000000
0.460000	0.940000	0.000000
0.460000	0.960000	0.000000
0.460000	0.980000	0.000000
0.460000	1.000000	0.000000
0.460000	1.020000	0.000000
0.460000	1.040000	0.000000
0.460000	1.060000	0.000000
0.460000	1.080000	0.000000

0.480000	0.400000	0.000000
0.480000	0.420000	0.000000
0.480000	0.440000	0.000000
0.480000	0.460000	0.000000
0.480000	0.480000	0.000000
0.480000	0.500000	0.000000
0.480000	0.520000	0.000000
0.480000	0.540000	0.000000
0.480000	0.560000	0.000000
0.480000	0.580000	0.000000
0.480000	0.600000	0.000000
0.480000	0.620000	0.000000
0.480000	0.640000	0.000000
0.480000	0.660000	0.000000
0.480000	0.680000	0.000000
0.480000	0.700000	0.000000
0.480000	0.720000	0.000000
0.480000	0.740000	0.000000
0.480000	0.760000	0.000000
0.480000	0.780000	0.000000
0.480000	0.800000	0.000000
0.480000	0.820000	0.000000
0.480000	0.840000	0.000000
0.480000	0.860000	0.000000
0.480000	0.880000	0.000000
0.480000	0.900000	0.000000
0.480000	0.920000	0.000000
0.480000	0.940000	0.000000
0.480000	0.960000	0.000000
0.480000	0.980000	0.000000
0.480000	1.000000	0.000000
0.480000	1.020000	0.000000
0.480000	1.040000	0.000000
0.480000	1.060000	0.000000
0.480000	1.080000	0.000000

0.500000	0.400000	0.000000
0.500000	0.420000	0.000000
0.500000	0.440000	0.000000
0.500000	0.460000	0.000000
0.500000	0.480000	0.000000
0.500000	0.500000	0.000000
0.500000	0.520000	0.000000
0.500000	0.540000	0.000000
0.500000	0.560000	0.000000
0.500000	0.580000	0.000000
0.500000	0.600000	0.000000
0.500000	0.620000	0.000000
0.500000	0.640000	0.000000
0.500000	0.660000	0.000000
0.500000	0.680000	0.000000
0.500000	0.700000	0.000000
0.500000	0.720000	0.000000
0.500000	0.740000	0.000000
0.500000	0.760000	0.000000
0.500000	0.780000	0.000000
0.500000	0.800000	0.000000
0.500000	0.820000	0.000000
0.500000	0.840000	0.000000
0.500000	0.860000	0.000000
0.500000	0.880000	0.000000
0.500000	0.900000	0.000000
0.500000	0.920000	0.000000
0.500000	0.940000	0.000000
0.500000	0.960000	0.000000
0.500000	0.980000	0.000000
0.500000	1.000000	0.000000
0.500000	1.020000	0.000000
0.500000	1.040000	0.000000
0.500000	1.060000	0.000000
0.500000	1.080000	0.000000

0.520000	0.400000	0.000000
0.520000	0.420000	0.000000
0.520000	0.440000	0.000000
0.520000	0.460000	0.000000
0.520000	0.480000	0.000000
0.520000	0.500000	0.000000
0.520000	0.520000	0.000000
0.520000	0.540000	0.000000
0.520000	0.560000	0.000000
0.520000	0.580000	0.000000
0.520000	0.600000	0.000000
0.520000	0.620000	0.000000
0.520000	0.640000	0.000000
0.520000	0.660000	0.000000
0.520000	0.680000	0.000000
0.520000	0.700000	0.000000
0.520000	0.720000	0.000000
0.520000	0.740000	0.000000
0.520000	0.760000	0.000000
0.520000	0.780000	0.000000
0.520000	0.800000	0.000000
0.520000	0.820000	0.000000
0.520000	0.840000	0.000000
0.520000	0.860000	0.000000
0.520000	0.880000	0.000000
0.520000	0.900000	0.000000
0.520000	0.920000	0.000000
0.520000	0.940000	0.000000
0.520000	0.960000	0.000000
0.520000	0.980000	0.000000
0.520000	1.000000	0.000000
0.520000	1.020000	0.000000
0.520000	1.040000	0.000000
0.520000	1.060000	0.000000
0.520000	1.080000	0.000000

0.540000	0.400000	0.000000
0.540000	0.420000	0.000000
0.540000	0.440000	0.000000
0.540000	0.460000	0.000000
0.540000	0.480000	0.000000
0.540000	0.500000	0.000000
0.540000	0.520000	0.000000
0.540000	0.540000	0.000000
0.540000	0.560000	0.000000
0.540000	0.580000	0.000000
0.540000	0.600000	0.000000
0.540000	0.620000	0.000000
0.540000	0.640000	0.000000
0.540000	0.660000	0.000000
0.540000	0.680000	0.000000
0.540000	0.700000	0.000000
0.540000	0.720000	0.000000
0.540000	0.740000	0.000000
0.540000	0.760000	0.000000
0.540000	0.780000	0.000000
0.540000	0.800000	0.000000
0.540000	0.820000	0.000000
0.540000	0.840000	0.000000
0.540000	0.860000	0.000000
0.540000	0.880000	0.000000
0.540000	0.900000	0.000000
0.540000	0.920000	0.000000
0.540000	0.940000	0.000000
0.540000	0.960000	0.000000
0.540000	0.980000	0.000000
0.540000	1.000000	0.000000
0.540000	1.020000	0.000000
0.540000	1.040000	0.000000
0.540000	1.060000	0.000000
0.540000	1.080000	0.000000

0.560000	0.400000	0.000000
0.560000	0.420000	0.000000
0.560000	0.440000	0.000000
0.560000	0.460000	0.000000
0.560000	0.480000	0.000000
0.560000	0.500000	0.000000
0.560000	0.520000	0.000000
0.560000	0.540000	0.000000
0.560000	0.560000	0.000000
0.560000	0.580000	0.000000
0.560000	0.600000	0.000000
0.560000	0.620000	0.000000
0.560000	0.640000	0.000000
0.560000	0.660000	0.000000
0.560000	0.680000	0.000000
0.560000	0.700000	0.000000
0.560000	0.720000	0.000000
0.560000	0.740000	0.000000
0.560000	0.760000	0.000000
0.560000	0.780000	0.000000
0.560000	0.800000	0.000000
0.560000	0.820000	0.000000
0.560000	0.840000	0.000000
0.560000	0.860000	0.000000
0.560000	0.880000	0.000000
0.560000	0.900000	0.000000
0.560000	0.920000	0.000000
0.560000	0.940000	0.000000
0.560000	0.960000	0.000000
0.560000	0.980000	0.000000
0.560000	1.000000	0.000000
0.560000	1.020000	0.000000
0.560000	1.040000	0.000000
0.560000	1.060000	0.000000
0.560000	1.080000	0.000000

0.580000	0.400000	0.000000
0.580000	0.420000	0.000000
0.580000	0.440000	0.000000
0.580000	0.460000	0.000000
0.580000	0.480000	0.000000
0.580000	0.500000	0.000000
0.580000	0.520000	0.000000
0.580000	0.540000	0.000000
0.580000	0.560000	0.000000
0.580000	0.580000	0.000000
0.580000	0.600000	0.000000
0.580000	0.620000	0.000000
0.580000	0.640000	0.000000
0.580000	0.660000	0.000000
0.580000	0.680000	0.000000
0.580000	0.700000	0.000000
0.580000	0.720000	0.000000
0.580000	0.740000	0.000000
0.580000	0.760000	0.000000
0.580000	0.780000	0.000000
0.580000	0.800000	0.000000
0.580000	0.820000	0.000000
0.580000	0.840000	0.000000
0.580000	0.860000	0.000000
0.580000	0.880000	0.000000
0.580000	0.900000	0.000000
0.580000	0.920000	0.000000
0.580000	0.940000	0.000000
0.580000	0.960000	0.000000
0.580000	0.980000	0.000000
0.580000	1.000000	0.000000
0.580000	1.020000	0.000000
0.580000	1.040000	0.000000
0.580000	1.060000	0.000000
0.580000	1.080000	0.000000

